<?xml version="1.0" encoding="UTF-8"?>
<svg version="1.1" xmlns="http://www.w3.org/2000/svg" width="1402" height="1122">
<defs><clipPath id="round"><rect x="0" y="0" width="1402" height="1122" rx="561" ry="561"/></clipPath></defs>
<g clip-path="url(#round)">
<g transform="translate(701,561) scale(1.5) translate(-701,-561)">
<path d="M0 0 C0.33 0.66 0.66 1.32 1 2 C0.1706543 4.12866211 0.1706543 4.12866211 -1.17578125 6.77734375 C-1.66868652 7.75550049 -2.1615918 8.73365723 -2.66943359 9.74145508 C-3.21164551 10.7961499 -3.75385742 11.85084473 -4.3125 12.9375 C-4.86502441 14.02635498 -5.41754883 15.11520996 -5.98681641 16.23706055 C-10.02261457 24.16522636 -14.14216704 32.04819691 -18.3125 39.90625 C-20.93635059 44.85976187 -23.50530202 49.84095476 -26.07446289 54.82299805 C-35.74835147 73.57132205 -45.88740919 92.03931487 -56.14770508 110.47167969 C-60.14690516 117.65652829 -64.12639605 124.85184235 -68.09130859 132.05566406 C-78.47242521 150.91694523 -89.0193075 169.66857837 -99.91503906 188.23828125 C-103.50511429 194.37673117 -106.98583218 200.56121246 -110.375 206.8125 C-115.29352704 215.86951932 -120.53042927 224.72404912 -125.80712891 233.57592773 C-134.53225035 248.217607 -143.0168075 262.99780033 -151.44946289 277.80957031 C-156.47770721 286.63806163 -161.5603876 295.43360672 -166.68927002 304.20394897 C-167.42477249 305.46187282 -168.15962039 306.72017969 -168.89373779 307.97891235 C-170.60169389 310.90597057 -172.32066383 313.82501446 -174.05712891 316.73535156 C-175.31173084 318.8434864 -176.54488629 320.96460216 -177.75146484 323.10058594 C-181.61210663 329.67600171 -185.31030062 333.39091608 -192 337 C-192.98000977 337.54414551 -193.96001953 338.08829102 -194.96972656 338.64892578 C-197.7433547 340.16337881 -200.52950278 341.64973778 -203.3276062 343.11837769 C-206.44738723 344.75711422 -209.55781529 346.41339438 -212.66796875 348.0703125 C-213.29431717 348.40383224 -213.92066559 348.73735199 -214.56599426 349.08097839 C-220.24045435 352.11127007 -225.84862144 355.25219342 -231.4375 358.4375 C-240.07050259 363.35356823 -248.73786717 368.20311002 -257.4375 373 C-258.0499054 373.33773438 -258.66231079 373.67546875 -259.29327393 374.0234375 C-268.77755025 379.25078932 -278.29379757 384.41750643 -287.82275391 389.56298828 C-293.79782924 392.79382062 -299.74183254 396.07165322 -305.65356445 399.41674805 C-322.04705289 408.69165624 -338.52297985 417.82186183 -355.13476562 426.70019531 C-360.03180173 429.33084874 -364.79618378 432.04601913 -369.43481445 435.11279297 C-371 436 -371 436 -373 436 C-370.67980872 426.60666852 -367.53845527 417.51120314 -364.38427734 408.37426758 C-363.49868023 405.80867659 -362.61805351 403.24142168 -361.73828125 400.67382812 C-361.16955777 399.01813058 -360.60055689 397.36252828 -360.03125 395.70703125 C-359.64205383 394.57392265 -359.64205383 394.57392265 -359.24499512 393.41792297 C-357.57387282 388.5807768 -355.80670322 383.78814046 -354 379 C-353.49338522 377.58438111 -352.99172988 376.16695163 -352.5 374.74609375 C-352.2525 374.03646484 -352.005 373.32683594 -351.75 372.59570312 C-351.24878863 371.15341519 -350.74879412 369.71070382 -350.25 368.26757812 C-349.08649848 364.93766101 -347.86997444 361.70024642 -346.46484375 358.4609375 C-344.89527628 354.75257275 -343.70785799 351.04142446 -342.5625 347.1875 C-341.20165474 342.71264846 -339.81074523 338.31793093 -338 334 C-335.93337681 329.06677046 -334.41484516 324.00691669 -332.85986328 318.89599609 C-331.43190662 314.25100832 -329.77357398 309.77438895 -327.8984375 305.2890625 C-326.63958785 302.08173252 -325.72932548 298.797061 -324.77734375 295.48828125 C-323.99585714 292.98673868 -323.06716904 290.60730597 -322.0625 288.1875 C-320.47546419 284.34361478 -319.19115062 280.48451561 -318 276.5 C-316.86342158 272.70259457 -315.66463034 269.02685048 -314.125 265.375 C-312.0988408 260.50902711 -310.5600102 255.5291204 -309 250.5 C-308.46929338 248.83185828 -307.93805728 247.1638849 -307.40625 245.49609375 C-306.61068238 242.9934565 -305.87532598 240.51688818 -305.21875 237.97265625 C-302.6143878 229.23955039 -294.89673443 224.37079883 -288 219 C-286.83122983 218.07262372 -285.66323728 217.14426639 -284.49609375 216.21484375 C-282.19580473 214.39102916 -279.88522154 212.5814423 -277.56640625 210.78125 C-273.84785331 207.89098087 -270.17218215 204.94883048 -266.5 202 C-261.1407579 197.69977394 -255.74917415 193.44398451 -250.33544922 189.21264648 C-245.88310995 185.72114071 -241.50093276 182.14903424 -237.125 178.5625 C-231.11315054 173.63993849 -224.96901368 168.93745031 -218.72583008 164.31323242 C-213.63082974 160.52135586 -208.76708283 156.52887778 -203.91796875 152.42578125 C-199.8184427 149.01774152 -195.58529004 145.79479604 -191.34765625 142.5625 C-187.89441409 139.927211 -184.47542122 137.24971239 -181.0625 134.5625 C-180.18634033 133.87293213 -180.18634033 133.87293213 -179.29248047 133.16943359 C-177.52796242 131.78007609 -175.76395062 130.39007782 -174 129 C-158.76398609 116.99960303 -143.5027068 105.04356969 -127.95019531 93.45458984 C-124.71166367 91.03907013 -121.48129636 88.6126844 -118.25 86.1875 C-116.91798674 85.18877809 -115.5859551 84.1900807 -114.25390625 83.19140625 C-111.23923283 80.93057831 -108.22661014 78.66704266 -105.21484375 76.40234375 C-88.67474151 63.9705477 -72.02666649 51.6971889 -55.23388672 39.60888672 C-52.23752181 37.45084904 -49.24413477 35.2887029 -46.25097656 33.1262207 C-44.75443735 32.04504416 -43.25769364 30.96415063 -41.76074219 29.88354492 C-37.94567145 27.12946281 -34.13298163 24.37217531 -30.32421875 21.609375 C-22.47480038 15.91998505 -14.60066653 10.28211016 -6.6015625 4.8046875 C-4.36042181 3.25002234 -2.16810255 1.65433417 0 0 Z " fill="#0B2A46" transform="translate(972,247)"/>
<path d="M0 0 C4.23440023 1.51781013 6.18949364 4.61758847 8.625 8.1875 C9.0595752 8.81261475 9.49415039 9.43772949 9.94189453 10.08178711 C10.85314483 11.39809227 11.75981556 12.71757839 12.66210938 14.04003906 C13.9150527 15.87555531 15.18274966 17.69996659 16.453125 19.5234375 C32.1879677 42.35151804 44.76681023 67.21951126 53.23242188 93.63476562 C53.97080358 95.91003341 54.754449 98.1649655 55.546875 100.421875 C61.17415478 117.07344201 63.46660348 134.65856933 66 152 C66.18554443 153.26191162 66.37108887 154.52382324 66.56225586 155.82397461 C67.16586065 160.79787135 67.18034011 165.76457293 67.203125 170.76953125 C67.21018463 171.7951416 67.21724426 172.82075195 67.22451782 173.87744141 C67.45387288 217.03693018 67.45387288 217.03693018 64 237 C63.81195801 238.13453613 63.62391602 239.26907227 63.43017578 240.43798828 C56.43932006 281.40985309 39.91367774 321.00648932 16 355 C15.35804688 355.92554688 14.71609375 356.85109375 14.0546875 357.8046875 C4.69567676 371.00128423 -5.79756451 383.34202664 -17 395 C-17.46647949 395.48839355 -17.93295898 395.97678711 -18.41357422 396.47998047 C-24.87630838 403.21416304 -31.70162577 409.19685143 -39 415 C-39.83789062 415.70511719 -40.67578125 416.41023438 -41.5390625 417.13671875 C-55.92831453 429.24368761 -71.47402593 439.08738358 -88 448 C-88.86189941 448.46792969 -89.72379883 448.93585938 -90.61181641 449.41796875 C-115.58102207 462.83509977 -141.35447246 471.36652332 -169 477 C-171.20898609 477.46811562 -173.41789599 477.93658602 -175.62670898 478.40551758 C-192.24043386 481.58995812 -208.69295393 482.3730146 -225.57373047 482.37060547 C-228.9676412 482.3749585 -232.3602255 482.4113637 -235.75390625 482.44921875 C-257.63828687 482.56051186 -278.78888273 479.23649458 -300 474 C-300.94875 473.76667969 -301.8975 473.53335937 -302.875 473.29296875 C-305.60222882 472.58206002 -308.29931661 471.80638166 -311 471 C-311.7027002 470.79117187 -312.40540039 470.58234375 -313.12939453 470.3671875 C-322.71208319 467.49809544 -332.05075009 464.54501231 -341 460 C-341 459.67 -341 459.34 -341 459 C-339.86292603 458.97812622 -339.86292603 458.97812622 -338.70288086 458.95581055 C-302.85625494 458.19093117 -261.01219609 454.83087971 -234.26953125 427.21289062 C-228.62579674 421.55180857 -224.18772456 421.00718694 -216.375 420.875 C-186.75864654 419.42307272 -156.46990786 413.84345756 -130 400 C-128.68165072 399.35146257 -127.361247 398.70708851 -126.0390625 398.06640625 C-95.37725483 383.15449955 -68.12882722 362.96511166 -47 336 C-46.22140625 335.03835938 -45.4428125 334.07671875 -44.640625 333.0859375 C-31.8959865 317.05366933 -22.04148298 299.32636296 -13 281 C-12.67805664 280.35289062 -12.35611328 279.70578125 -12.02441406 279.0390625 C-2.74158375 260.05791595 2.15116664 238.81957303 5 218 C5.17515137 216.79093994 5.35030273 215.58187988 5.53076172 214.33618164 C6.86861414 204.7668123 7.4013018 195.3458267 7.375 185.6875 C7.37468277 184.59473251 7.37468277 184.59473251 7.37435913 183.47988892 C7.2548004 141.73689309 -4.523979 95.57886852 -28.8203125 61.09375 C-30 59 -30 59 -30 55 C-28.92114258 52.52416992 -28.92114258 52.52416992 -27.39453125 49.73046875 C-26.54628784 48.16570801 -26.54628784 48.16570801 -25.6809082 46.56933594 C-25.0643335 45.45333008 -24.44775879 44.33732422 -23.8125 43.1875 C-23.18625732 42.03926758 -22.56001465 40.89103516 -21.91479492 39.70800781 C-17.09369033 30.8836544 -12.16530313 22.11828134 -7.17700195 13.38745117 C-4.65920769 8.97719979 -2.20450816 4.57568017 0 0 Z " fill="#0B2A46" transform="translate(936,362)"/>
<path d="M0 0 C0 20.13 0 40.26 0 61 C-7.92 62.98 -15.84 64.96 -24 67 C-33.95866451 69.98174105 -33.95866451 69.98174105 -43.33203125 74.42578125 C-45.78142769 75.87103274 -48.06945802 76.85512003 -50.71484375 77.875 C-79.40777658 89.08259647 -108.37075969 111.34424886 -128 135 C-128.83015625 135.95390625 -129.6603125 136.9078125 -130.515625 137.890625 C-148.47698849 158.57215242 -164.1980028 182.63064541 -172.890625 208.73828125 C-173.96445041 211.89547919 -175.21132976 214.92548736 -176.5 218 C-179.83223981 226.53557958 -181.56708479 235.50021759 -183.45117188 244.44555664 C-183.79982894 246.06833195 -184.16397372 247.68791644 -184.54882812 249.30249023 C-192.13523812 281.20278022 -188.29676829 315.49805018 -181 347 C-180.83242188 347.73621582 -180.66484375 348.47243164 -180.4921875 349.23095703 C-177.74061707 361.12042293 -173.33916071 372.45202001 -168.41015625 383.59375 C-167 387 -167 387 -165 394 C-179.52 394 -194.04 394 -209 394 C-207.91844345 410.80572489 -206.54744508 427.35669217 -204 444 C-217.42523957 437.28738021 -228.2792861 398.0381294 -232.96923828 384.16210938 C-248.35655711 336.95780963 -252.80065598 286.97850693 -244 238 C-243.81808105 236.9795459 -243.63616211 235.9590918 -243.44873047 234.90771484 C-233.94483636 183.4473981 -209.60740922 133.49086942 -173.921875 95.0703125 C-172.15993654 93.17228936 -170.48386171 91.22750222 -168.8125 89.25 C-160.07095826 79.2509743 -150.47710471 70.15033653 -140 62 C-138.66048598 60.92177979 -137.32202616 59.84224917 -135.984375 58.76171875 C-110.90173731 38.66666281 -81.85770561 21.4110378 -51 12 C-49.47741036 11.48432357 -47.95630934 10.96420636 -46.4375 10.4375 C-41.4827156 8.78278898 -36.45328081 7.39139052 -31.42578125 5.9765625 C-28.51952578 5.14809743 -25.63474513 4.27449533 -22.75 3.375 C-14.93159075 1.02947722 -8.24062418 0 0 0 Z " fill="#0A2A46" transform="translate(661,257)"/>
<path d="M0 0 C0.05021354 5.52773786 0.08609548 11.05533701 0.10986328 16.58325195 C0.11979314 18.45567137 0.13334153 20.32807584 0.15087891 22.20043945 C0.26132104 34.31334244 -0.23127725 46.005087 -2 58 C-2.10031021 58.6834549 -2.20062042 59.36690979 -2.30397034 60.07107544 C-6.76303412 90.03178686 -21.22881271 115.40681747 -42 137 C-42.63035156 137.70511719 -43.26070312 138.41023437 -43.91015625 139.13671875 C-59.04945039 155.5403935 -80.94433193 165.10362082 -102 171 C-103.10988281 171.32871094 -104.21976563 171.65742187 -105.36328125 171.99609375 C-125.06640142 177.69173983 -151.20940155 177.35700571 -171 172 C-172.12220947 171.70198486 -172.12220947 171.70198486 -173.26708984 171.39794922 C-193.95480318 165.78108989 -211.74754122 155.98467384 -228 142 C-228.845625 141.278125 -229.69125 140.55625 -230.5625 139.8125 C-241.25871021 130.45331606 -249.85771367 120.24745761 -257 108 C-257.39106934 107.33162109 -257.78213867 106.66324219 -258.18505859 105.97460938 C-263.93821012 95.9971812 -268.15218359 86.15481374 -271 75 C-271.19464844 74.25540527 -271.38929688 73.51081055 -271.58984375 72.74365234 C-272.18761552 70.41751923 -272.756241 68.08638654 -273.3125 65.75 C-273.48434814 65.05398682 -273.65619629 64.35797363 -273.83325195 63.64086914 C-275.29119551 57.11095693 -275 52.09937537 -275 45 C-253.88 45 -232.76 45 -211 45 C-209.53334304 49.39997088 -208.37356211 53.57339109 -207.3125 58.0625 C-202.4814305 76.94525376 -190.20581455 91.31365516 -173.875 101.4296875 C-169.42616185 103.85962355 -164.8174909 105.46645788 -160 107 C-158.948125 107.391875 -157.89625 107.78375 -156.8125 108.1875 C-138.82400779 113.38417553 -119.23479965 109.609746 -103 101 C-101.74123047 100.35611328 -101.74123047 100.35611328 -100.45703125 99.69921875 C-85.73700967 91.59750144 -75.81719563 77.48894643 -70 62 C-68.38221399 56.3849606 -66.91365387 50.77179789 -67.09667969 44.89648438 C-67.12195191 41.34826403 -66.96870254 38.41901444 -66 35 C-62.78181306 31.77606699 -59.03624354 30.2511351 -54.875 28.5 C-52.57998585 27.42623593 -50.28705887 26.34800111 -47.99609375 25.265625 C-46.82804199 24.73001953 -45.65999023 24.19441406 -44.45654297 23.64257812 C-39.12900457 21.11088732 -34.0421098 18.19953149 -28.9375 15.25 C-27.05747415 14.17806531 -25.1772703 13.10644272 -23.296875 12.03515625 C-21.53101296 11.02385129 -19.76537975 10.01214664 -18 9 C-14.89882073 7.22385912 -11.79445166 5.45351916 -8.6875 3.6875 C-8.02935303 3.30819336 -7.37120605 2.92888672 -6.69311523 2.53808594 C-2.22610813 0 -2.22610813 0 0 0 Z " fill="#0B2B47" transform="translate(747,626)"/>
<path d="M0 0 C0 3.68107453 -1.05982942 5.26051974 -2.859375 8.4609375 C-3.47433838 9.56139404 -4.08930176 10.66185059 -4.72290039 11.7956543 C-5.39837961 12.98889447 -6.07408496 14.18200665 -6.75 15.375 C-7.44112627 16.60497049 -8.13179587 17.83519769 -8.82202148 19.06567383 C-10.55394996 22.14867477 -12.29400987 25.22698411 -14.0380249 28.30316162 C-14.91392198 29.84816603 -15.78834057 31.3940084 -16.66259766 32.93994141 C-22.94453414 44.03823191 -29.35738389 55.05883263 -35.79370117 66.06811523 C-41.04052556 75.04979607 -46.20875127 84.07473422 -51.35595703 93.11376953 C-54.50414305 98.64062654 -57.65796659 104.16426436 -60.8125 109.6875 C-61.31878433 110.57415848 -61.31878433 110.57415848 -61.83529663 111.47872925 C-67.38087424 121.18914613 -72.9659482 130.87630767 -78.56347656 140.55688477 C-82.60519236 147.55630472 -86.59859186 154.58126852 -90.5625 161.625 C-95.50321041 170.40043801 -100.54135008 179.11472738 -105.62695312 187.80688477 C-116.91972999 207.10911042 -128.03819756 226.50799352 -139 246 C-139.66 246 -140.32 246 -141 246 C-141.42410156 245.01902344 -141.84820313 244.03804687 -142.28515625 243.02734375 C-149.6438485 226.06500642 -157.67335104 209.50626392 -166 193 C-166.66 193 -167.32 193 -168 193 C-169.88942305 195.02286545 -171.67081939 197.06109934 -173.4375 199.1875 C-173.97028564 199.81954346 -174.50307129 200.45158691 -175.05200195 201.1027832 C-176.16132875 202.4194424 -177.26831156 203.73807973 -178.37304688 205.05859375 C-179.88140415 206.85848226 -181.39892216 208.64995755 -182.921875 210.4375 C-187.91326517 216.29908528 -192.82727394 222.21636513 -197.6875 228.1875 C-200.72498174 231.88173455 -203.82072046 235.52475106 -206.91845703 239.16845703 C-209.77846938 242.5385099 -212.59255733 245.94026308 -215.375 249.375 C-219.54156423 254.49733524 -223.86201281 259.47417378 -228.20043945 264.45043945 C-232.12489097 268.96215363 -235.93426783 273.55325555 -239.69921875 278.19921875 C-242.38059278 281.46330224 -245.12076723 284.67238339 -247.875 287.875 C-248.37918457 288.46168457 -248.88336914 289.04836914 -249.40283203 289.65283203 C-250.42453681 290.84139896 -251.44634696 292.02987532 -252.46826172 293.21826172 C-261.66296055 303.77273788 -261.66296055 303.77273788 -270 315 C-270.66 314.67 -271.32 314.34 -272 314 C-271.64953613 313.01499512 -271.29907227 312.02999023 -270.93798828 311.01513672 C-266.50288291 298.5172103 -262.21972275 285.96950989 -257.95361328 273.41308594 C-257.05075722 270.75683636 -256.14651656 268.10106089 -255.2421875 265.4453125 C-254.84203934 264.26523117 -254.84203934 264.26523117 -254.43380737 263.06130981 C-252.6924627 257.94897377 -250.86732568 252.87152035 -249.01358032 247.7989502 C-247.35157574 243.20940957 -245.76262128 238.59509195 -244.171875 233.98046875 C-243.44666259 231.88344694 -242.72140052 229.7864423 -241.99609375 227.68945312 C-240.87903609 224.45669701 -239.76251016 221.22375952 -238.64697266 217.99047852 C-236.47287811 211.69141483 -234.28670754 205.39677544 -232.08441162 199.10751343 C-231.35546182 197.01861909 -230.63112687 194.92810916 -229.91119385 192.83609009 C-228.86655767 189.80316954 -227.80614574 186.77618747 -226.7421875 183.75 C-226.43319519 182.84142746 -226.12420288 181.93285492 -225.80584717 180.99674988 C-223.15794983 173.55329404 -219.54890055 169.44779495 -213 165 C-211.35760151 163.73260896 -209.73935762 162.43756086 -208.11962891 161.14135742 C-206.34934854 159.72954273 -204.56341014 158.33986204 -202.7734375 156.953125 C-198.80072239 153.86069197 -194.89842249 150.68526205 -191 147.5 C-185.47689686 142.99204666 -179.908148 138.55156762 -174.2890625 134.1640625 C-169.81562892 130.66223441 -165.40147271 127.0917156 -161 123.5 C-150.02178666 114.54731647 -138.85137849 105.85119342 -127.60888672 97.23388672 C-124.90350197 95.1590742 -122.20192846 93.07931017 -119.5 91 C-116.30983188 88.5452556 -113.11903478 86.09135579 -109.92578125 83.640625 C-103.70539857 78.86412036 -97.50252523 74.06579055 -91.3125 69.25 C-90.5496167 68.65662842 -89.7867334 68.06325684 -89.00073242 67.4519043 C-85.18036456 64.4791743 -81.3629781 61.50273325 -77.55078125 58.51953125 C-67.25667838 50.4729647 -56.84991557 42.58881513 -46.37792969 34.77539062 C-42.74733518 32.06474553 -39.12375037 29.34478364 -35.5 26.625 C-34.1979551 25.64838625 -32.89587304 24.67182205 -31.59375 23.6953125 C-30.98402344 23.23801758 -30.37429688 22.78072266 -29.74609375 22.30957031 C-19.83072917 14.87304688 -9.91536458 7.43652344 0 0 Z " fill="#FC971E" transform="translate(912,317)"/>
<path d="M0 0 C0.80879608 -0.00637985 1.61759216 -0.0127597 2.45089722 -0.01933289 C3.74001511 -0.02100212 3.74001511 -0.02100212 5.05517578 -0.02270508 C5.96316925 -0.02603348 6.87116272 -0.02936188 7.80667114 -0.03279114 C9.72804257 -0.03784191 11.64942272 -0.04020004 13.57080078 -0.04003906 C16.45637262 -0.04220324 19.3415476 -0.06031661 22.22705078 -0.0793457 C33.13006598 -0.11233676 43.87629523 0.13037164 54.62548828 2.14526367 C56.31792777 3.83770316 55.80632031 5.98851052 55.85340881 8.30989075 C55.87790604 9.42983429 55.90240326 10.54977783 55.92764282 11.70365906 C55.94918427 12.94356094 55.97072571 14.18346283 55.99291992 15.4609375 C56.01876663 16.75854004 56.04461334 18.05614258 56.07124329 19.39306641 C56.30278251 31.39791412 56.43280649 43.40453463 56.53661442 55.4110918 C56.60795944 63.48106692 56.70931147 71.54831085 56.88745117 79.61669922 C57.04288053 86.65701005 57.14118477 93.69542062 57.17157453 100.73742312 C57.18949131 104.46237468 57.23455661 108.1822422 57.34773445 111.90561867 C58.00498486 134.45891884 58.00498486 134.45891884 54.09196091 140.5210228 C50.47439111 144.33776487 46.37597843 146.79299969 41.67420769 149.06607628 C38.28511383 150.85132191 35.43900163 153.27308281 32.50048828 155.70776367 C31.35131385 156.62027638 30.20049467 157.53072523 29.04736328 158.43823242 C28.48210938 158.88602051 27.91685547 159.33380859 27.33447266 159.79516602 C25.62857341 161.14282642 23.91716238 162.48312845 22.20361328 163.82104492 C15.10421175 169.36826917 8.07727901 174.99362893 1.12988281 180.73071289 C0.49937012 181.24778809 -0.13114258 181.76486328 -0.78076172 182.29760742 C-1.60543945 182.97811157 -1.60543945 182.97811157 -2.44677734 183.67236328 C-4.99835326 185.62191463 -7.70269858 187.36405491 -10.37451172 189.14526367 C-10.37451172 127.10526367 -10.37451172 65.06526367 -10.37451172 1.14526367 C-3.6208432 0.01965225 -3.6208432 0.01965225 0 0 Z " fill="#0C2B47" transform="translate(692.37451171875,252.854736328125)"/>
<path d="M0 0 C12.95626948 1.61953369 25.06400288 4.86551194 37.4375 8.9375 C38.43136719 9.26113525 39.42523437 9.58477051 40.44921875 9.91821289 C46.12377482 11.82948758 51.38393379 14.08698109 56.69189453 16.85327148 C58.7537081 17.8776356 60.76229368 18.69112077 62.93359375 19.4453125 C68.26171909 21.35289642 73.11911557 24.14692208 78.0625 26.875 C79.01705078 27.39191406 79.97160156 27.90882813 80.95507812 28.44140625 C86.23724669 31.33584506 91.18480967 34.38025914 96 38 C92.58508145 42.88233713 88.34866548 45.90217414 83.5625 49.3125 C81.86211958 50.54397051 80.16294757 51.77711088 78.46484375 53.01171875 C77.13235596 53.97924072 77.13235596 53.97924072 75.77294922 54.96630859 C71.01102385 58.45872261 66.31774808 62.0404507 61.625 65.625 C60.74013916 66.29958252 59.85527832 66.97416504 58.94360352 67.66918945 C58.10885498 68.30687256 57.27410645 68.94455566 56.4140625 69.6015625 C55.63772461 70.19348389 54.86138672 70.78540527 54.06152344 71.39526367 C52.37711333 72.70644648 50.73958827 74.07766911 49.1171875 75.46484375 C47 77 47 77 43.5 76.9375 C40 76 40 76 37.61328125 74.56640625 C35.005808 73.00348133 32.55375452 71.99551532 29.6875 71 C19.72786653 67.51049338 9.88059599 63.7052235 0 60 C0 40.2 0 20.4 0 0 Z " fill="#0B2B47" transform="translate(769,260)"/>
<path d="M0 0 C18.5194968 5.07892554 36.78490866 10.92830289 55 17 C53.36139181 20.86044979 50.78128812 23.8043486 48.0625 26.9375 C47.06632943 28.1001946 46.07023791 29.26295694 45.07421875 30.42578125 C44.5642334 31.0182666 44.05424805 31.61075195 43.52880859 32.22119141 C41.13091087 35.01120782 38.75189623 37.81708877 36.375 40.625 C35.91681885 41.16568115 35.4586377 41.7063623 34.98657227 42.26342773 C31.37803309 46.5307553 27.84037777 50.85325017 24.3125 55.1875 C21.27501826 58.88173455 18.17927954 62.52475106 15.08154297 66.16845703 C12.22153062 69.5385099 9.40744267 72.94026308 6.625 76.375 C2.45843577 81.49733524 -1.86201281 86.47417378 -6.20043945 91.45043945 C-10.12489097 95.96215363 -13.93426783 100.55325555 -17.69921875 105.19921875 C-20.38059278 108.46330224 -23.12076723 111.67238339 -25.875 114.875 C-26.63127686 115.75502686 -26.63127686 115.75502686 -27.40283203 116.65283203 C-28.42453681 117.84139896 -29.44634696 119.02987532 -30.46826172 120.21826172 C-39.66296055 130.77273788 -39.66296055 130.77273788 -48 142 C-48.66 141.67 -49.32 141.34 -50 141 C-49.64953613 140.01499512 -49.29907227 139.02999023 -48.93798828 138.01513672 C-44.50288291 125.5172103 -40.21972275 112.96950989 -35.95361328 100.41308594 C-35.05075722 97.75683636 -34.14651656 95.10106089 -33.2421875 92.4453125 C-32.97542206 91.65859161 -32.70865662 90.87187073 -32.43380737 90.06130981 C-30.6924627 84.94897377 -28.86732568 79.87152035 -27.01358032 74.7989502 C-25.35157574 70.20940957 -23.76262128 65.59509195 -22.171875 60.98046875 C-21.44666259 58.88344694 -20.72140052 56.7864423 -19.99609375 54.68945312 C-18.87903609 51.45669701 -17.76251016 48.22375952 -16.64697266 44.99047852 C-12.6692989 33.46585538 -8.66031314 21.95407884 -4.515625 10.48828125 C-4.17625916 9.54462204 -3.83689331 8.60096283 -3.48724365 7.62870789 C-3.01837738 6.33970329 -3.01837738 6.33970329 -2.54003906 5.0246582 C-2.26581116 4.26852737 -1.99158325 3.51239655 -1.70904541 2.73335266 C-1 1 -1 1 0 0 Z " fill="#FAFAFB" transform="translate(690,490)"/>
<path d="M0 0 C0 4.03291843 -1.80798629 6.71614615 -3.75 10.125 C-4.09804688 10.77082031 -4.44609375 11.41664063 -4.8046875 12.08203125 C-7.46393008 16.78002648 -7.46393008 16.78002648 -10.265625 17.9296875 C-10.83796875 17.95289063 -11.4103125 17.97609375 -12 18 C-12 16.68 -12 15.36 -12 14 C-13.32 13.34 -14.64 12.68 -16 12 C-10.72 8.04 -5.44 4.08 0 0 Z " fill="#ED9F32" transform="translate(912,317)"/>
<path d="M0 0 C0.99 0.66 1.98 1.32 3 2 C1.41984377 3.60729631 -0.16425652 5.21071576 -1.75 6.8125 C-2.63171875 7.70582031 -3.5134375 8.59914063 -4.421875 9.51953125 C-8.66503153 13.60196216 -8.66503153 13.60196216 -11 15 C-11.99 14.67 -12.98 14.34 -14 14 C-9.38 9.38 -4.76 4.76 0 0 Z " fill="#193652" transform="translate(504,334)"/>
<path d="M0 0 C4.75 -0.125 4.75 -0.125 7 1 C7.47574438 3.54024004 7.84007547 6.00051464 8.125 8.5625 C8.21136719 9.27341797 8.29773438 9.98433594 8.38671875 10.71679688 C8.59934783 12.47689312 8.80072697 14.23834164 9 16 C6.12022113 14.56011056 5.45291875 12.49865762 3.9375 9.6875 C3.41027344 8.72199219 2.88304687 7.75648438 2.33984375 6.76171875 C1.22073442 4.45498319 0.48109231 2.50049214 0 0 Z " fill="#213C57" transform="translate(448,685)"/>
<path d="M0 0 C1.65 1.65 3.3 3.3 5 5 C4.59007812 5.54269531 4.18015625 6.08539062 3.7578125 6.64453125 C3.21898437 7.35996094 2.68015625 8.07539062 2.125 8.8125 C1.59132813 9.52019531 1.05765625 10.22789062 0.5078125 10.95703125 C-0.70814781 12.60456297 -1.86416141 14.29624211 -3 16 C-3.66 15.67 -4.32 15.34 -5 15 C-3.35 10.05 -1.7 5.1 0 0 Z " fill="#DDE2E6" transform="translate(645,616)"/>
<path d="M0 0 C0.33 0 0.66 0 1 0 C1.01981934 0.68102783 1.03963867 1.36205566 1.06005859 2.0637207 C1.15526983 5.14703917 1.26496466 8.22967649 1.375 11.3125 C1.4059375 12.38435547 1.436875 13.45621094 1.46875 14.56054688 C1.50742187 15.58857422 1.54609375 16.61660156 1.5859375 17.67578125 C1.6173584 18.62364502 1.6487793 19.57150879 1.68115234 20.5480957 C1.8489051 23.2530269 1.8489051 23.2530269 4 26 C4.07905064 28.33199388 4.08798769 30.66832622 4 33 C3.67 33 3.34 33 3 33 C2.505 35.475 2.505 35.475 2 38 C1.67 38 1.34 38 1 38 C-0.24795354 25.34218554 -0.10177436 12.70457176 0 0 Z " fill="#B5BFC8" transform="translate(472,536)"/>
<path d="M0 0 C0 0.66 0 1.32 0 2 C-3.87036007 5.08284263 -8.00786149 7.53198701 -13 8 C-13 8.66 -13 9.32 -13 10 C-14.98 10 -16.96 10 -19 10 C-15.46704136 6.99600559 -11.97059208 4.79547138 -7.8125 2.75 C-6.76707031 2.22921875 -5.72164062 1.7084375 -4.64453125 1.171875 C-2 0 -2 0 0 0 Z " fill="#253F5A" transform="translate(582,281)"/>
<path d="M0 0 C0.99 0.33 1.98 0.66 3 1 C2.31063929 4.91121498 1.21749819 8.55508596 -0.0625 12.3125 C-0.42472656 13.38113281 -0.78695312 14.44976563 -1.16015625 15.55078125 C-1.43730469 16.35902344 -1.71445312 17.16726563 -2 18 C-4 15 -4 15 -3.57421875 12.44140625 C-3.28160156 11.49136719 -2.98898437 10.54132812 -2.6875 9.5625 C-2.40261719 8.61503906 -2.11773438 7.66757812 -1.82421875 6.69140625 C-1.41623047 5.35916016 -1.41623047 5.35916016 -1 4 C-0.65677643 2.66917827 -0.31918639 1.33679054 0 0 Z " fill="#1C3A56" transform="translate(639,566)"/>
<path d="M0 0 C0.66 0.66 1.32 1.32 2 2 C0.47065791 3.32684028 -1.07409505 4.63592933 -2.625 5.9375 C-3.48351562 6.66839844 -4.34203125 7.39929688 -5.2265625 8.15234375 C-8.24962041 10.16629642 -10.41659535 10.66898168 -14 11 C-11.14325205 7.98306057 -8.17651069 5.59445469 -4.75 3.25 C-3.85796875 2.63640625 -2.9659375 2.0228125 -2.046875 1.390625 C-1.03367187 0.70226562 -1.03367187 0.70226562 0 0 Z " fill="#193552" transform="translate(853,334)"/>
<path d="M0 0 C0 0.33 0 0.66 0 1 C-0.969375 1.12375 -1.93875 1.2475 -2.9375 1.375 C-4.4534375 1.684375 -4.4534375 1.684375 -6 2 C-6.33 2.66 -6.66 3.32 -7 4 C-9.64 4 -12.28 4 -15 4 C-15 3.67 -15 3.34 -15 3 C-17.97 2.67 -20.94 2.34 -24 2 C-24 1.67 -24 1.34 -24 1 C-21.50018262 0.8301095 -19.00020399 0.66402047 -16.5 0.5 C-15.80390625 0.45230469 -15.1078125 0.40460937 -14.390625 0.35546875 C-9.58304475 0.04386633 -4.81771254 -0.04340282 0 0 Z " fill="#435D74" transform="translate(632,820)"/>
<path d="M0 0 C0.66 0.99 1.32 1.98 2 3 C1.01 4.485 1.01 4.485 0 6 C-0.66 6 -1.32 6 -2 6 C-2.061875 6.721875 -2.12375 7.44375 -2.1875 8.1875 C-3.24456647 11.84657625 -5.20550071 13.49211602 -8 16 C-6.42986223 10.03347646 -3.24970218 5.17090975 0 0 Z " fill="#2B3748" transform="translate(910,322)"/>
<path d="M0 0 C0.82640744 3.11390323 1.24901667 5.76278328 1 9 C0.01 10.485 0.01 10.485 -1 12 C-1.66 12 -2.32 12 -3 12 C-3.33 13.32 -3.66 14.64 -4 16 C-5 14 -5 14 -4.00390625 10.7421875 C-3.53110016 9.4502948 -3.05028031 8.16131362 -2.5625 6.875 C-2.31951172 6.21628906 -2.07652344 5.55757812 -1.82617188 4.87890625 C-1.22421679 3.25008662 -0.61297588 1.62470425 0 0 Z " fill="#425A71" transform="translate(613,640)"/>
<path d="M0 0 C0.99 0.66 1.98 1.32 3 2 C-0.465 4.97 -0.465 4.97 -4 8 C-5.32 7.34 -6.64 6.68 -8 6 C-5.36 4.02 -2.72 2.04 0 0 Z " fill="#EB9222" transform="translate(892,332)"/>
<path d="M0 0 C-0.33 0.66 -0.66 1.32 -1 2 C-3.28515625 2.6328125 -3.28515625 2.6328125 -6.0625 3.125 C-6.98160156 3.29257812 -7.90070312 3.46015625 -8.84765625 3.6328125 C-9.91306641 3.81457031 -9.91306641 3.81457031 -11 4 C-11.33 3.01 -11.66 2.02 -12 1 C-3.96428571 -1.27678571 -3.96428571 -1.27678571 0 0 Z " fill="#21405E" transform="translate(637,263)"/>
<path d="M0 0 C3.63 0 7.26 0 11 0 C11.33 0.99 11.66 1.98 12 3 C8.04 3 4.08 3 0 3 C0 2.01 0 1.02 0 0 Z " fill="#EBEEF0" transform="translate(709,781)"/>
<path d="M0 0 C0.66 0 1.32 0 2 0 C0.63055898 2.94956528 -0.87830409 5.52468811 -3 8 C-3.66 8 -4.32 8 -5 8 C-5.66 9.32 -6.32 10.64 -7 12 C-7.33 11.01 -7.66 10.02 -8 9 C-6.71520959 7.49410612 -5.42195918 5.99542625 -4.125 4.5 C-3.04605469 3.24703125 -3.04605469 3.24703125 -1.9453125 1.96875 C-1.30335938 1.3190625 -0.66140625 0.669375 0 0 Z " fill="#1E3954" transform="translate(686,578)"/>
<path d="M0 0 C0.66 0.66 1.32 1.32 2 2 C-2.625 6.875 -2.625 6.875 -6 8 C-6.66 7.34 -7.32 6.68 -8 6 C-5.36 4.02 -2.72 2.04 0 0 Z " fill="#EC9B2A" transform="translate(834,376)"/>
<path d="M0 0 C3.54243452 1.36591169 6.92627929 2.90931484 10.3125 4.625 C11.63701172 5.29402344 11.63701172 5.29402344 12.98828125 5.9765625 C13.65214844 6.31429688 14.31601562 6.65203125 15 7 C12.19966161 8.11346788 11.09856297 8.03510273 8.203125 7.00390625 C7.22859375 6.52824219 6.2540625 6.05257813 5.25 5.5625 C4.26515625 5.08941406 3.2803125 4.61632812 2.265625 4.12890625 C1.51796875 3.75636719 0.7703125 3.38382812 0 3 C0 2.01 0 1.02 0 0 Z " fill="#1D3853" transform="translate(834,281)"/>
<path d="M0 0 C0.99 0.66 1.98 1.32 3 2 C2.113125 2.5775 1.22625 3.155 0.3125 3.75 C-2.59042244 5.68068476 -5.30768649 7.78280064 -8 10 C-8 7 -8 7 -6.25 5.17578125 C-5.5075 4.56089844 -4.765 3.94601562 -4 3.3125 C-3.2575 2.68988281 -2.515 2.06726563 -1.75 1.42578125 C-1.1725 0.95527344 -0.595 0.48476563 0 0 Z " fill="#1A3551" transform="translate(522,318)"/>
<path d="M0 0 C1.670625 0.061875 1.670625 0.061875 3.375 0.125 C3.705 1.775 4.035 3.425 4.375 5.125 C1.075 4.135 -2.225 3.145 -5.625 2.125 C-3.625 0.125 -3.625 0.125 0 0 Z " fill="#284055" transform="translate(606.625,822.875)"/>
<path d="M0 0 C0 4.03066816 -1.67283027 5.78303008 -4 9 C-4.66 9.66 -5.32 10.32 -6 11 C-6.99 10.67 -7.98 10.34 -9 10 C-6.03 6.7 -3.06 3.4 0 0 Z " fill="#223D57" transform="translate(745,508)"/>
<path d="M0 0 C1.90389849 2.85584773 2.69462177 4.9311762 3.625 8.1875 C3.88539063 9.08855469 4.14578125 9.98960937 4.4140625 10.91796875 C4.60742188 11.60503906 4.80078125 12.29210937 5 13 C4.01 12.67 3.02 12.34 2 12 C0.01016757 7.79924265 -1.40454009 4.52574027 0 0 Z " fill="#324A60" transform="translate(484,621)"/>
<path d="M0 0 C0.66 1.32 1.32 2.64 2 4 C-1.625 9.875 -1.625 9.875 -5 11 C-3.55049545 7.2089881 -1.84827434 3.6125362 0 0 Z " fill="#2A4560" transform="translate(914,402)"/>
<path d="M0 0 C0.99 0.33 1.98 0.66 3 1 C0.75 3.5 0.75 3.5 -2 6 C-3.32 6 -4.64 6 -6 6 C-4 4 -2 2 0 0 Z " fill="#EBEDF0" transform="translate(917,283)"/>
<path d="M0 0 C0.33 0.66 0.66 1.32 1 2 C0.22265625 3.9453125 0.22265625 3.9453125 -0.9375 6.125 C-1.31777344 6.84945312 -1.69804688 7.57390625 -2.08984375 8.3203125 C-2.54037109 9.15175781 -2.54037109 9.15175781 -3 10 C-3.103125 9.360625 -3.20625 8.72125 -3.3125 8.0625 C-3.539375 7.381875 -3.76625 6.70125 -4 6 C-4.99 5.67 -5.98 5.34 -7 5 C-4.69 3.35 -2.38 1.7 0 0 Z " fill="#304A66" transform="translate(972,247)"/>
<path d="M0 0 C-2.26118038 2.74415095 -3.47594492 3.89410286 -7.015625 4.609375 C-8.08296875 4.65578125 -9.1503125 4.7021875 -10.25 4.75 C-11.86648438 4.83507812 -11.86648438 4.83507812 -13.515625 4.921875 C-14.33546875 4.94765625 -15.1553125 4.9734375 -16 5 C-13.13879225 3.09252817 -10.64745007 1.99646294 -7.4375 0.8125 C-6.46683594 0.44769531 -5.49617187 0.08289063 -4.49609375 -0.29296875 C-2 -1 -2 -1 0 0 Z " fill="#385169" transform="translate(797,768)"/>
<path d="M0 0 C-1.50223584 4.20626034 -4.28550034 5.73900021 -8 8 C-8.66 7.34 -9.32 6.68 -10 6 C-8.71283353 4.99421411 -7.42011342 3.99553202 -6.125 3 C-5.40570312 2.443125 -4.68640625 1.88625 -3.9453125 1.3125 C-2 0 -2 0 0 0 Z " fill="#193553" transform="translate(836,348)"/>
<path d="M0 0 C0.99 0 1.98 0 3 0 C2.5020163 3.73487777 2.12508244 5.81237635 0 9 C-0.66 9 -1.32 9 -2 9 C-1.34 6.03 -0.68 3.06 0 0 Z " fill="#1D3853" transform="translate(678,683)"/>
<path d="M0 0 C0.33 0 0.66 0 1 0 C1 1.98 1 3.96 1 6 C0.34 6 -0.32 6 -1 6 C-1.66 7.65 -2.32 9.3 -3 11 C-3.66 11 -4.32 11 -5 11 C-3.55049545 7.2089881 -1.84827434 3.6125362 0 0 Z " fill="#2D4560" transform="translate(930,373)"/>
<path d="M0 0 C0.66 0.66 1.32 1.32 2 2 C-2.39453125 6.00390625 -2.39453125 6.00390625 -4 7 C-4.99 6.67 -5.98 6.34 -7 6 C-2.25 1.125 -2.25 1.125 0 0 Z " fill="#183654" transform="translate(911,291)"/>
<path d="M0 0 C1.32 0.66 2.64 1.32 4 2 C1.03 3.65 -1.94 5.3 -5 7 C-5 6.01 -5 5.02 -5 4 C-2.5 1.8125 -2.5 1.8125 0 0 Z " fill="#EAEDEF" transform="translate(966,248)"/>
<path d="M0 0 C0.66 0.33 1.32 0.66 2 1 C0.02 3.31 -1.96 5.62 -4 8 C-5.32 7.67 -6.64 7.34 -8 7 C-5.36 4.69 -2.72 2.38 0 0 Z " fill="#1E3853" transform="translate(863,725)"/>
<path d="M0 0 C1 4 1 4 -0.4375 6.75 C-1.2109375 7.86375 -1.2109375 7.86375 -2 9 C-2.99 8.34 -3.98 7.68 -5 7 C-3.35 4.69 -1.7 2.38 0 0 Z " fill="#253F5A" transform="translate(907,673)"/>
<path d="M0 0 C0.99 0 1.98 0 3 0 C1.52307692 5.66153846 1.52307692 5.66153846 -1.125 7.375 C-2.053125 7.684375 -2.053125 7.684375 -3 8 C-1.125 2.25 -1.125 2.25 0 0 Z " fill="#223C57" transform="translate(922,645)"/>
<path d="M0 0 C1.109375 1.73828125 1.109375 1.73828125 2 4 C1.390625 6.10546875 1.390625 6.10546875 0.25 8.1875 C-0.11609375 8.88230469 -0.4821875 9.57710937 -0.859375 10.29296875 C-2 12 -2 12 -4 13 C-3.52140759 11.39566191 -3.04210442 9.79153584 -2.5625 8.1875 C-2.29566406 7.29417969 -2.02882813 6.40085937 -1.75390625 5.48046875 C-1.19612127 3.64526945 -0.60655425 1.81966274 0 0 Z " fill="#D3D9DF" transform="translate(659,576)"/>
<path d="M0 0 C2.82858266 3.36736031 4.4998253 6.87451958 6 11 C5.67 11.99 5.34 12.98 5 14 C4.15675328 12.421924 3.32576082 10.8372958 2.5 9.25 C2.0359375 8.36828125 1.571875 7.4865625 1.09375 6.578125 C0 4 0 4 0 0 Z " fill="#F29F26" transform="translate(754,522)"/>
<path d="M0 0 C0.6875 1.625 0.6875 1.625 1 4 C-1.33333333 9.66666667 -1.33333333 9.66666667 -4 11 C-3.48964169 6.6109185 -2.47785723 3.66291938 0 0 Z " fill="#1C334A" transform="translate(805,505)"/>
<path d="M0 0 C0 0.66 0 1.32 0 2 C-5.95703125 3.7578125 -5.95703125 3.7578125 -8 4 C-8.99 3.34 -9.98 2.68 -11 2 C-9.54494642 1.47007308 -8.08581873 0.9513211 -6.625 0.4375 C-5.81289063 0.14746094 -5.00078125 -0.14257812 -4.1640625 -0.44140625 C-2 -1 -2 -1 0 0 Z " fill="#F3F5F6" transform="translate(781,771)"/>
<path d="M0 0 C1.32 0.66 2.64 1.32 4 2 C3.67 2.99 3.34 3.98 3 5 C1.35 5.33 -0.3 5.66 -2 6 C-1.34 4.02 -0.68 2.04 0 0 Z " fill="#173352" transform="translate(936,362)"/>
<path d="M0 0 C0.66 0.33 1.32 0.66 2 1 C-1.0657052 5.65987191 -3.58657319 6.85485202 -9 8 C-6.14723863 5.06799526 -3.34920216 2.35684596 0 0 Z " fill="#1D344F" transform="translate(875,317)"/>
<path d="M0 0 C0.66 0.66 1.32 1.32 2 2 C0.35 4.31 -1.3 6.62 -3 9 C-3.66 8.67 -4.32 8.34 -5 8 C-3.62845496 5.04590299 -2.01136276 2.55991624 0 0 Z " fill="#E9EDEF" transform="translate(895,687)"/>
<path d="M0 0 C0.66 0.99 1.32 1.98 2 3 C-1.625 8.75 -1.625 8.75 -5 11 C-3.55049545 7.2089881 -1.84827434 3.6125362 0 0 Z " fill="#E0E6EB" transform="translate(948,296)"/>
<path d="M0 0 C0 0.66 0 1.32 0 2 C-1.28745036 2.38922918 -2.58019597 2.76098036 -3.875 3.125 C-4.95394531 3.43824219 -4.95394531 3.43824219 -6.0546875 3.7578125 C-6.69664062 3.83773437 -7.33859375 3.91765625 -8 4 C-8.66 3.34 -9.32 2.68 -10 2 C-8.71211992 1.46987262 -7.41953322 0.9511671 -6.125 0.4375 C-5.40570312 0.14746094 -4.68640625 -0.14257812 -3.9453125 -0.44140625 C-2 -1 -2 -1 0 0 Z " fill="#C4CCD5" transform="translate(825,822)"/>
<path d="M0 0 C0.66 0.99 1.32 1.98 2 3 C2.99 3.66 3.98 4.32 5 5 C0.25 8 0.25 8 -2 8 C-1.34 5.36 -0.68 2.72 0 0 Z " fill="#27415C" transform="translate(601,675)"/>
<path d="M0 0 C0.33 0 0.66 0 1 0 C1.31563182 5.26053037 0.66590937 8.44573816 -2 13 C-3.18771723 9.57056481 -2.80226223 7.62215325 -1.5625 4.25 C-1.27503906 3.45078125 -0.98757813 2.6515625 -0.69140625 1.828125 C-0.46324219 1.22484375 -0.23507812 0.6215625 0 0 Z " fill="#B8C2CC" transform="translate(484,473)"/>
<path d="M0 0 C0.99 0.33 1.98 0.66 3 1 C1.35 2.65 -0.3 4.3 -2 6 C-2.99 5.67 -3.98 5.34 -5 5 C-3.35 3.35 -1.7 1.7 0 0 Z " fill="#223F5B" transform="translate(510,328)"/>
<path d="M0 0 C0.33 0.66 0.66 1.32 1 2 C0.06421005 4.35981813 -0.93347808 6.69631264 -2 9 C-2.66 8.34 -3.32 7.68 -4 7 C-3.39816251 4.97954558 -2.72693904 2.97888961 -2 1 C-1.34 0.67 -0.68 0.34 0 0 Z " fill="#EFF2F4" transform="translate(653,599)"/>
<path d="M0 0 C0.66 0.66 1.32 1.32 2 2 C-0.97 4.475 -0.97 4.475 -4 7 C-4.66 6.34 -5.32 5.68 -6 5 C-4.02 3.35 -2.04 1.7 0 0 Z " fill="#133554" transform="translate(732,428)"/>
<path d="M0 0 C0.33 0.99 0.66 1.98 1 3 C0.01 3.33 -0.98 3.66 -2 4 C-2 4.66 -2 5.32 -2 6 C-3.65 6 -5.3 6 -7 6 C-4.74259377 3.66475218 -2.7194239 1.81294927 0 0 Z " fill="#193856" transform="translate(885,310)"/>
<path d="M0 0 C0.33 0 0.66 0 1 0 C1.05399736 1.45792884 1.09279177 2.91642712 1.125 4.375 C1.14820313 5.18710937 1.17140625 5.99921875 1.1953125 6.8359375 C1 9 1 9 -1 11 C-2.60080151 6.99799622 -1.29279692 3.95443764 0 0 Z " fill="#1E3A55" transform="translate(628,598)"/>
<path d="M0 0 C0.33 0.99 0.66 1.98 1 3 C-3.75 7 -3.75 7 -6 7 C-4.77065985 3.31197956 -3.06140622 2.27643027 0 0 Z " fill="#EC901C" transform="translate(709,474)"/>
<path d="M0 0 C0.66 0.33 1.32 0.66 2 1 C0.8125 3 0.8125 3 -1 5 C-3.6875 5.25 -3.6875 5.25 -6 5 C-2.25 1.125 -2.25 1.125 0 0 Z " fill="#E0E5EA" transform="translate(587,346)"/>
<path d="M0 0 C1.65 1.65 3.3 3.3 5 5 C4.67 5.99 4.34 6.98 4 8 C2 6.25 2 6.25 0 4 C0 2.68 0 1.36 0 0 Z " fill="#19304A" transform="translate(504,750)"/>
<path d="M0 0 C0.99 0.33 1.98 0.66 3 1 C1.35 2.65 -0.3 4.3 -2 6 C-2.33 5.34 -2.66 4.68 -3 4 C-2.01 2.68 -1.02 1.36 0 0 Z " fill="#EBEDF0" transform="translate(654,717)"/>
<path d="M0 0 C0.33 0 0.66 0 1 0 C1.1953125 6.0546875 1.1953125 6.0546875 1 8 C0.34 8.66 -0.32 9.32 -1 10 C-2.46726798 6.18510326 -1.43336419 3.70988378 0 0 Z " fill="#193451" transform="translate(932,620)"/>
<path d="M0 0 C0.88492145 2.47778006 1.11637742 3.66056586 0.25 6.1875 C-1 8 -1 8 -4 9 C-2.80100302 5.9168649 -1.52299523 2.93720508 0 0 Z " fill="#2C3848" transform="translate(791,529)"/>
<path d="M0 0 C0.66 0.66 1.32 1.32 2 2 C1.7578125 4.3828125 1.7578125 4.3828125 1.125 7.125 C0.92132813 8.03507813 0.71765625 8.94515625 0.5078125 9.8828125 C0.34023438 10.58148437 0.17265625 11.28015625 0 12 C-0.33 12 -0.66 12 -1 12 C-1.14285714 3.42857143 -1.14285714 3.42857143 0 0 Z " fill="#B8C1CB" transform="translate(475,509)"/>
<path d="M0 0 C0.66 0.99 1.32 1.98 2 3 C1.01 3.33 0.02 3.66 -1 4 C-1.33 5.65 -1.66 7.3 -2 9 C-2.66 9 -3.32 9 -4 9 C-2.94124926 5.59687262 -1.99097846 2.98646769 0 0 Z " fill="#2B4661" transform="translate(922,388)"/>
<path d="M0 0 C0.99 0.33 1.98 0.66 3 1 C1.25 3.0625 1.25 3.0625 -1 5 C-3.25 4.75 -3.25 4.75 -5 4 C-2.6875 1.9375 -2.6875 1.9375 0 0 Z " fill="#1B3854" transform="translate(818,360)"/>
<path d="M0 0 C0.66 0.99 1.32 1.98 2 3 C0.02 5.97 0.02 5.97 -2 9 C-2.66 8.67 -3.32 8.34 -4 8 C-2.68 5.36 -1.36 2.72 0 0 Z " fill="#E0E6EB" transform="translate(927,335)"/>
</g>
</g>
</svg>
